Start: 
  1   5     
  7   6   4 
  2   3   8 
 ----------- 
Goal: 
  1   2   3 
  4   5   6 
  7   8     
 ----------- 
# MANHATTAN_DISTANCE Heuristics Function : 
No of Steps: 22
Execution Time: 86.388ms

  1   5     
  7   6   4 
  2   3   8 
 ----------- 
  1   5   4 
  7   6     
  2   3   8 
 ----------- 
  1   5   4 
  7       6 
  2   3   8 
 ----------- 
  1   5   4 
  7   3   6 
  2       8 
 ----------- 
  1   5   4 
  7   3   6 
  2   8     
 ----------- 
  1   5   4 
  7   3     
  2   8   6 
 ----------- 
  1   5     
  7   3   4 
  2   8   6 
 ----------- 
  1       5 
  7   3   4 
  2   8   6 
 ----------- 
  1   3   5 
  7       4 
  2   8   6 
 ----------- 
  1   3   5 
  7   4     
  2   8   6 
 ----------- 
  1   3   5 
  7   4   6 
  2   8     
 ----------- 
  1   3   5 
  7   4   6 
  2       8 
 ----------- 
  1   3   5 
  7   4   6 
      2   8 
 ----------- 
  1   3   5 
      4   6 
  7   2   8 
 ----------- 
  1   3   5 
  4       6 
  7   2   8 
 ----------- 
  1   3   5 
  4   2   6 
  7       8 
 ----------- 
  1   3   5 
  4   2   6 
  7   8     
 ----------- 
  1   3   5 
  4   2     
  7   8   6 
 ----------- 
  1   3     
  4   2   5 
  7   8   6 
 ----------- 
  1       3 
  4   2   5 
  7   8   6 
 ----------- 
  1   2   3 
  4       5 
  7   8   6 
 ----------- 
  1   2   3 
  4   5     
  7   8   6 
 ----------- 
  1   2   3 
  4   5   6 
  7   8     
 ----------- 
